0.0000000000	1.0000000000	1.0000000000	0.0000000000e+00
0.0100000000	1.0000000000	1.0002000100	2.0001000000e-04
0.0200000000	1.0007999200	1.0008001600	2.3999200072e-07
0.0300000000	1.0016006396	1.0018008100	2.0017038383e-04
0.0400000000	1.0024016800	1.0032025600	8.0087997694e-04
0.0500000000	1.0032025613	1.0050062500	1.8036887220e-03
0.0600000000	1.0040028032	1.0072129600	3.2101567630e-03
0.0700000000	1.0048019265	1.0098240100	5.0220834799e-03
0.0800000000	1.0055994535	1.0128409600	7.2415065335e-03
0.0900000000	1.0063949091	1.0162656100	9.8707009160e-03
0.1000000000	1.0071878220	1.0201000000	1.2912178013e-02
0.1100000000	1.0079777253	1.0243464100	1.6368684677e-02
0.1200000000	1.0087641577	1.0290073600	2.0243202325e-02
0.1300000000	1.0095466640	1.0340856100	2.4538946047e-02
0.1400000000	1.0103247962	1.0395841600	2.9259363751e-02
0.1500000000	1.0110981147	1.0455062500	3.4408135330e-02
0.1600000000	1.0118661881	1.0518553600	3.9989171857e-02
0.1700000000	1.0126285952	1.0586352100	4.6006614828e-02
0.1800000000	1.0133849246	1.0658497600	5.2464835426e-02
0.1900000000	1.0141347762	1.0735032100	5.9368433834e-02
0.2000000000	1.0148777614	1.0816000000	6.6722238589e-02
0.2100000000	1.0156135040	1.0901448100	7.4531305978e-02
0.2200000000	1.0163416405	1.0991425600	8.2800919479e-02
0.2300000000	1.0170618207	1.1085984100	9.1536589251e-02
0.2400000000	1.0177737083	1.1185177600	1.0074405167e-01
0.2500000000	1.0184769811	1.1289062500	1.1042926891e-01
0.2600000000	1.0191713314	1.1397697600	1.2059842859e-01
0.2700000000	1.0198564666	1.1511144100	1.3125794345e-01
0.2800000000	1.0205321089	1.1629465600	1.4241445106e-01
0.2900000000	1.0211979963	1.1752728100	1.5407481367e-01
0.3000000000	1.0218538820	1.1881000000	1.6624611796e-01
0.3100000000	1.0224995350	1.2014352100	1.7893567498e-01
0.3200000000	1.0231347400	1.2152857600	1.9215102004e-01
0.3300000000	1.0237592973	1.2296592100	2.0589991270e-01
0.3400000000	1.0243730232	1.2445633600	2.2019033678e-01
0.3500000000	1.0249757496	1.2600062500	2.3503050042e-01
0.3600000000	1.0255673238	1.2759961600	2.5042883618e-01
0.3700000000	1.0261476088	1.2925416100	2.6639400118e-01
0.3800000000	1.0267164827	1.3096513600	2.8293487727e-01
0.3900000000	1.0272738388	1.3273344100	3.0006057124e-01
0.4000000000	1.0278195849	1.3456000000	3.1778041509e-01
0.4100000000	1.0283536437	1.3644576100	3.3610396628e-01
0.4200000000	1.0288759520	1.3839169600	3.5504100801e-01
0.4300000000	1.0293864604	1.4039880100	3.7460154962e-01
0.4400000000	1.0298851331	1.4246809600	3.9479582688e-01
0.4500000000	1.0303719476	1.4460062500	4.1563430237e-01
0.4600000000	1.0308468941	1.4679745600	4.3712766593e-01
0.4700000000	1.0313099750	1.4905968100	4.5928683501e-01
0.4800000000	1.0317612049	1.5138841600	4.8212295510e-01
0.4900000000	1.0322006098	1.5378480100	5.0564740022e-01
0.5000000000	1.0326282267	1.5625000000	5.2987177332e-01
0.5100000000	1.0330441033	1.5878520100	5.5480790675e-01
0.5200000000	1.0334482973	1.6139161600	5.8046786271e-01
0.5300000000	1.0338408762	1.6407048100	6.0686393377e-01
0.5400000000	1.0342219167	1.6682305600	6.3400864326e-01
0.5500000000	1.0345915042	1.6965062500	6.6191474582e-01
0.5600000000	1.0349497322	1.7255449600	6.9059522780e-01
0.5700000000	1.0352967022	1.7553600100	7.2006330781e-01
0.5800000000	1.0356325229	1.7859649600	7.5033243708e-01
0.5900000000	1.0359573100	1.8173736100	7.8141630002e-01
0.6000000000	1.0362711854	1.8496000000	8.1332881460e-01
0.6100000000	1.0365742771	1.8826584100	8.4608413287e-01
0.6200000000	1.0368667187	1.9165633600	8.7969664130e-01
0.6300000000	1.0371486487	1.9513296100	9.1418096131e-01
0.6400000000	1.0374202104	1.9869721600	9.4955194961e-01
0.6500000000	1.0376815513	2.0235062500	9.8582469866e-01
0.6600000000	1.0379328230	2.0609473600	1.0230145370e+00
0.6700000000	1.0381741802	2.0993112100	1.0611370298e+00
0.6800000000	1.0384057810	2.1386137600	1.1002079790e+00
0.6900000000	1.0386277862	2.1788712100	1.1402434238e+00
0.7000000000	1.0388403589	2.2201000000	1.1812596411e+00
0.7100000000	1.0390436645	2.2623168100	1.2232731455e+00
0.7200000000	1.0392378699	2.3055385600	1.2663006901e+00
0.7300000000	1.0394231436	2.3497824100	1.3103592664e+00
0.7400000000	1.0395996553	2.3950657600	1.3554661047e+00
0.7500000000	1.0397675753	2.4414062500	1.4016386747e+00
0.7600000000	1.0399270749	2.4888217600	1.4488946851e+00
0.7700000000	1.0400783254	2.5373304100	1.4972520846e+00
0.7800000000	1.0402214984	2.5869505600	1.5467290616e+00
0.7900000000	1.0403567654	2.6377008100	1.5973440446e+00
0.8000000000	1.0404842975	2.6896000000	1.6491157025e+00
0.8100000000	1.0406042653	2.7426672100	1.7020629447e+00
0.8200000000	1.0407168386	2.7969217600	1.7562049214e+00
0.8300000000	1.0408221864	2.8523832100	1.8115610236e+00
0.8400000000	1.0409204767	2.9090713600	1.8681508833e+00
0.8500000000	1.0410118762	2.9670062500	1.9259943738e+00
0.8600000000	1.0410965501	3.0262081600	1.9851116099e+00
0.8700000000	1.0411746624	3.0866976100	2.0455229476e+00
0.8800000000	1.0412463751	3.1484953600	2.1072489849e+00
0.8900000000	1.0413118490	3.2116224100	2.1703105610e+00
0.9000000000	1.0413712425	3.2761000000	2.2347287575e+00
0.9100000000	1.0414247124	3.3419496100	2.3005248976e+00
0.9200000000	1.0414724135	3.4091929600	2.3677205465e+00
0.9300000000	1.0415144983	3.4778520100	2.4363375117e+00
0.9400000000	1.0415511173	3.5479489600	2.5063978427e+00
0.9500000000	1.0415824188	3.6195062500	2.5779238312e+00
0.9600000000	1.0416085487	3.6925465600	2.6509380113e+00
0.9700000000	1.0416296506	3.7670928100	2.7254631594e+00
0.9800000000	1.0416458658	3.8431681600	2.8015222942e+00
0.9900000000	1.0416573331	3.9207960100	2.8791386769e+00
1.0000000000	1.0416641891	4.0000000000	2.9583358109e+00
